128

naon. 5, 11 p. 11, 11. .
’11101511 p. 101, 10.
Maon 11, 11 p. 01, 11.

naon 1511. 1111 p. 15, 15.

Motth 19, 4.5 p. 100, 30.
1111111 19, 5 p. 91, 21.
Μο111. 19, 12 p. 101, 9.
Μ11111 19, 17 p. 93, 31.
1111111121, 13 p. 81, 4.
Matth. 28, 19 0. 108, 38.
Maro. 1, 1 p. 81, 22.
Luc. 1, 28. 29 p. 82, 9.
Luc. 1, 30-33 082, 11.
Luc. 1, 35 p. 119, 3.
Luc. 2, 11 p. 123, 13.
Luc. 10, 16 p. 61, 28.
1111010, 18 p. 75 39.
Luc. 11, 26 p. 72 12.
Luc. 16, 16 p. 82, 2.
Lno. 16, 24 sqq. p. 80, 22.
101. 1, 1 p. 106, 29.
10111, 50. 17, 26
’101.,..,16708138.
Ιο1.1,140. 114, 16.
Ιο1.1,110.119,13.
10111, 14 p. 123,13.
101. 1, 14 p. 123, 32.
101. 1, 17 p. 98, 27.
Ιο111,18 p. 85, 12.

· 151 11111115.

1013, 13 p. 119, 8.
101. 4, 22 p. 116, 15.
101. 4, 24 p. 88, 11
101. 1, 24 p. 107, 34.
101 5, 6 p. 73, 37.
1011 5, 46 p. 61, 30.
101 10, 33 p. 121, 18.
Ioh. 10, 36 p. 121, 19.
Ioh. 14, 9 p. 83, 38.

t Ῑο11.17,5 p. 110, 11.

101. 17, 17 p. 121, 8.

Ioh. 17, 19 p. 120, 36.
Ioh. 17, 25 p. 84, 1.

Ioh. 20, 22 p. 95, 8.

110111 13, 10. 11 p. 96, 6,
11010. 1, 3 0. 120, 25.
11010. 2, 7-9 083, 26.
Rom. 2, 16 p. 82, 25.
Rom. 7, 12. 14 p. 88, 8.
11010. 6, 9 p. 107, 39.
Rom. 8, 11 p. 108, 1.
Rom. 8, 11. 15 p. 108, 5.
11010. 9, 1 p. 108, 7.
Rom 12,1 0. 108, 21.
Rom. 15, 15-19 0108, 12.
Corintho 1, 2 p. 121, 7.
Corinth. α 2, 4 p. 106, 24.
Corinth. 02, 9-11 p. 108, 28.
0011011512, 11 084, 31.
0011011. α 2, 14 0108, 31.
Corinth. 03, 16 p. 106, 31.
Corinth α 3, 16. 17 p. 112, 25.
0011011. α 6, 10 p. 112, 29.
Corinth. α 7, 10 0112, 31.
Corinth. α 8, 6 p. 93, 31.

’ corno. 15, 1 p. 101, 1.

Corinth. α 8, 6 p. 111, 17.
0011011. α 10, 10112, 33.
Corinth α 10, 12 p. 76, 20
Corinth. 012, 3-13 0112, 35.
0011011.α15,27091,17.10.

’ 0011011.α15,150.116,13.
corinthum, 45 p. 119, 13.
0011011101, 21. 220 1127.
00110110 ,1548011110
0011111105,1-1ρ.112,17.
0011011106, 150. 90, 20.
0011011011,40113,18

 

